121492	135677984
155256	245487216
288242	46314295
306411	52959660
316106	349433066
323032	197814276
332697	350914819
349951	53680883
391804	369029753
438138	272373799
457302	369938275
572474	307291906
609332	215293346
621087	269205860
661035	229653332
679132	334045043
694278	396929952
702558	153367048
725808	293376153
749093	19061303
744429	45600876
816444	42985321
816683	312137990
816683	64888340
819167	272149800
871202	182156137
881829	123139902
877373	343691555
985791	271521943
1018136	49028433
1022133	388125268
1050584	116081362
1108655	221307188
1175241	281936870
1237337	286420537
1266363	59959212
1335595	162649342
1341018	83349040
1367880	300274479
1401876	14799665
1436782	131508540
1470056	92591470
1513416	177628360
1532285	117058110
1532848	221471351
1573611	111133758
1584618	151296743
1585442	165210071
1602666	223224940
1611785	17191703
1611785	250078905
1614570	329297836
1672230	6244244
1682237	269253026
1705410	140893867
1727360	352728119
1750993	64073118
1795882	48678573
1837887	103062369
1833984	764320
1908862	305470694
1918643	262186143
1939068	175398196
1958297	284653272
1963736	30681732
1983044	361361662
2022137	145327636
2028298	344738249
2056116	345700770
2147971	200781409
2205850	344417215
2217829	232490307
2270587	310744914
2270587	286504925
2279471	85988564
2333882	210629607
2333882	222655129
2365627	222193211
2454729	251256207
2458508	246397564
2458508	208225959
2458508	186650264
2501196	118113655
2527271	234027109
2534300	313179597
2551793	186179530
2580869	108217145
2596192	383352513
2597719	324070282
2624434	345087226
2628826	271499185
2670873	23373171
2674899	292266672
2683726	187329700
2683726	200392611
2683726	395927121
2691443	134646128
2706715	309821681
2767847	391022431
2808994	102399425
2815838	377418297
2818223	36963677
2886358	83847888
3037771	366180043
3086792	155363646
3140776	69661396
3159928	177425374
3197258	150069890
3198491	141766538
3210220	75035715
3245460	168128321
3252256	8622629
3251993	71775423
3255320	52157081
3264510	42977887
3297935	244741474
3304906	171712059
3348380	12266079
3380947	284104836
3411031	185851227
3471368	120809419
3471368	15290438
3493198	275687604
3511995	251356552
3570109	56890742
3621670	355320617
3646740	117009125
3647823	277216423
3657309	278432568
3693583	79879823
3719694	326578870
3791599	132942561
3796756	115506261
3820144	157780388
3823146	188004662
3872979	309332330
3914414	89982793
3940757	369631264
3994214	246773094
4038112	104533705
4038104	279105565
4056578	267523764
4099113	12397168
4127034	93051173
4199843	181056402
4199843	216596309
4199843	338976360
4203965	158123776
4199843	32027610
4199843	379140077
4199843	264716743
4203965	260254241
4199843	352019252
4203965	355947497
4211810	259821832
4229077	254708323
4237331	274186102
4235044	14466915
4237331	351985806
4243356	383553576
4243356	363670163
4337626	61577580
4369433	69072619
4390104	282838866
4398899	44287629
4450337	253210893
4497643	343369375
4561629	267641279
4586778	2697405
4706727	66396198
4704496	335772855
4781459	231152101
4814003	158635572
4814003	134159429
4814003	229283068
4837580	183186482
4868991	359208026
4922889	227595929
4980418	296407056
5104122	337991437
5167168	337231331
5175489	193243171
5194267	113832239
5206323	280048203
5275004	335549621
5317745	10063109
5328614	138460221
5337383	22736213
5359490	286932794
5370790	344491383
5378891	35391399
5449721	199333319
5449721	310344893
5450903	164397661
5587853	363736014
5591120	187776911
5591120	403534665
5644250	343299064
5695759	320500980
5693452	354326363
5704403	130045445
5706687	234463487
5713160	20741355
5746353	213110617
5796764	318704363
5814944	2561020
5814944	63509093
5814944	29706363
5831187	5312772
5831187	22327923
5882389	386105595
5922785	126298206
5954721	387723755
5956938	360524148
5956938	388421066
5956938	211039764
5989869	391812153
5997502	120466022
6041358	196561211
6098070	326849626
6105687	179749610
6145069	22667958
6178189	369974004
6211708	381944027
6256490	210327276
6304663	378269478
6302708	317028020
6409277	217427588
6448570	338265613
6488167	29858235
6490760	243919130
6500355	386640033
6601153	76660413
6602831	163281699
6698892	295840422
6695056	66185339
6726228	86168694
6729647	2299558
6738749	21986099
6761939	162162098
6784333	191038833
6812529	183177051
6833416	354157026
6837935	107455804
6920475	60089386
6922551	365084708
6930209	116392357
6930209	324593767
6930864	391093693
6934409	218747379
6943778	360287858
6955327	245999927
7015143	52787129
7015143	152422428
7025593	91942521
7092975	60994284
7092975	208770714
7116944	10355002
7122133	227613566
7122133	64736083
7153085	94850231
7186386	261819614
7208272	397980039
7255326	103965070
7266356	64875566
7271655	135209031
7290780	122525814
7316397	240774740
7335275	394100691
7353510	245229122
7387093	110356963
7404087	267810654
7488122	126488651
7494741	169784488
7494741	376756987
7494741	394905888
7494741	263803646
7508961	174455499
7598884	26122378
7597409	161470474
7597409	108731820
7598884	339725973
7640374	71150259
7639010	246768947
7653621	376866034
7653621	69026956
7825509	227287238
7822836	148615414
7858747	300350953
7880642	10575369
7880642	137300803
7880642	220867672
7900060	34921814
7948751	320493685
7958097	8925174
7974842	378681895
8040403	12744197
8041945	19329827
8090435	310496689
8116576	299270820
8117121	113743304
8117121	64988115
8198704	292617059
8224353	43496169
8231529	388861918
8231529	379176880
8314522	402383667
8346750	39550407
8374743	122372053
8389649	108453212
8389649	230253125
8418732	377189123
8420405	325472421
8450692	200906384
8479233	276421997
8482364	348962630
8487599	256848160
8485392	354713445
8489203	392394521
8594274	179764558
8623620	245229122
8681674	246823219
8718923	333398533
8806832	134372308
8806431	125192030
8828571	138378311
8839272	268255529
8849732	24924510
8875433	254657034
8876247	160763382
8959722	116272453
8995710	2402710
9030222	255021527
9060400	133562572
9067594	290821081
9135705	15305009
9140849	271104001
9200113	55404625
9255619	196126013
9259725	317111262
9289138	223343212
9326210	294300107
9328705	158010554
9326210	236350805
9374354	247901482
9437968	84759129
9453191	315082644
9478620	176763657
9486136	178851554
9500482	6117904
9528688	251788514
9528688	229773079
9608487	86337728
9720567	263262179
9761912	265248059
9761912	277565526
9761912	189549683
9767271	319970805
9767271	78351676
9817107	104512463
9871312	282666105
9880796	243911813
9931159	217091142
9937777	103780225
9959902	194291859
9995250	333306324
9997231	276035179
10058686	114006428
10058686	68991762
10077335	254199088
10077335	298093753
10089558	323932665
10120659	327885992
10189559	214934587
10229674	113885017
10290728	92720251
10290728	128816685
10288119	366320763
10317064	242405314
10330066	171485060
10350887	43488456
10373157	198861390
10373157	235156160
10373157	74659452
10403633	278693042
10427721	118590683
10427721	389217062
10463979	356575172
10463979	363760947
10490440	58312161
10741532	4278344
10741532	65154840
10763950	303624985
10810866	136020512
10833245	73055408
10837076	118083337
10896073	316741391
10933455	332135276
10991377	390679431
11011644	375258607
11065843	170889198
11238561	70525333
11238561	187042688
11294407	251202266
11395761	274088733
11458532	115727815
11458532	59304232
11468499	151637450
11535217	140133840
11557202	357902531
11585767	118626768
11621381	401753816
11639937	24993768
11677193	46239957
11677193	71937836
11726584	144191880
11739315	277304512
11786617	31326386
11829406	380501784
11837152	152962759
11857403	11239099
11857403	127151401
11860686	379788379
11912645	195466109
11922482	5207935
11934562	226587457
11935575	24359804
12021075	54142873
12025140	379559704
12021075	373854538
12056970	279847956
12056074	109883851
12063544	392794534
12076312	52985269
12163242	187568779
12163242	49250481
12176447	366072498
12180342	367296877
12247952	37090711
12337163	105577304
12358834	262343958
12383662	7050142
12396240	342372325
12407660	329031993
12418663	26505695
12429107	182803247
12447882	293093916
12463891	277186933
12473474	67255529
12481012	283067805
12488673	266472732
12543666	194784708
12588399	387668912
12636378	390151465
12683817	21749403
12683817	192588724
12704198	344911069
12756123	279845994
12760448	81030960
12782180	101928972
12792961	85635339
12838036	115097362
12843909	362096799
12871491	107341788
12894090	337852016
12916569	78727362
12920811	193909411
12920811	96819691
12952628	156549005
12953376	199501500
12955920	292571155
12979465	337299026
13014429	6635247
13107023	193779094
13137430	209364947
13224063	386002064
13261381	249731561
13268139	238595744
13317448	203435844
13326653	139022517
13363764	100211482
13366518	269730333
13366518	50079651
13366518	322059964
13372258	341650640
13381290	42236154
13386049	141202901
13390446	399662326
13397428	346219534
13440976	110126029
13469035	19211183
13508653	370679784
13559729	290360860
13646547	168270401
13668934	343036989
13691663	37470233
13712458	364272203
13806755	186360308
13848870	84990299
13855296	177545486
13887855	60616783
13974556	353646239
14010679	210506637
14041067	75944013
14054081	15243795
14061640	133153045
14111695	334785555
14105006	319163714
14172013	267728981
14179282	363606903
14242743	129958662
14260183	378583726
14280574	99787651
14290700	247313341
14378215	132648144
14402551	135452252
14402551	351750708
14430484	349918059
14451436	184935489
14481833	277447414
14497800	107014687
14598615	272928745
14648258	153477490
14677184	48815641
14677184	331967743
14677184	19624873
14697145	134670559
14704087	272633385
14704087	381899694
14704087	174002284
14719477	170404921
14755562	338522606
14764965	73877716
14764965	4386604
14816592	130436940
14835802	229250528
14899509	366180043
14900499	270288932
14960495	175239057
14991309	155649558
15048520	34563013
15034653	320683011
15046862	192376630
15094014	67985997
15144058	231011514
15184781	241083626
15200993	60530063
15233206	398055352
15233206	237850741
15298813	370306007
15315005	134497089
15324524	34776154
15349799	293895642
15358330	180390477
15360434	204706298
15390674	171255681
15416291	99894021
15464050	350023790
15470543	146297727
15533064	180712492
15691928	198400340
15727257	274702349
15814260	203753108
15868685	39358163
15947858	38711614
15966233	119046191
15966233	159144678
15966233	92140504
15966233	32611217
15966233	97915349
15966233	82221198
15966233	347356727
15966233	191106608
15971799	276669023
15966233	310917168
15969583	384441918
15971799	107004429
16072714	117211265
16073962	325637453
16081924	119860169
16135559	398915761
16202138	264822208
16201559	351151411
16200791	284508972
16200791	263685490
16219304	141289481
16247944	341252132
16319021	306785113
16326810	39562237
16333055	302379726
16358329	97598383
16392295	2817428
16392295	45617814
16465564	215587466
16482233	404272080
16508260	198400340
16528181	170165938
16557988	94557724
16593366	404225157
16592214	301836080
16596464	210296231
16666127	42310615
16666127	85369036
16664308	367080128
16668520	182479655
16690526	251091909
16690526	295930146
16690526	95135186
16724586	304731722
16734620	147192957
16803793	92943976
16824033	75621462
16824033	296651703
16890151	275423874
16963030	146294154
16968951	239799674
16994801	374094150
17024269	259599653
17105470	75453038
17133398	190774778
17146597	13223486
17167596	137427812
17262115	366364597
17284231	38772019
17310607	326962630
17313949	251443919
17318814	51596676
17324249	10592859
17342035	90493030
17343164	396052821
17350211	178993704
17371941	115902520
17386613	356222452
17420567	231302575
17431164	21182481
17516965	256441840
17625678	112770227
17623949	69144502
17629839	167225561
17628446	187292777
17630727	313486507
17636691	3304526
17707445	198066825
17749064	308268597
17771602	229154407
17777960	266941838
17817549	262034823
17896865	244365979
17924245	175109498
17926949	318515601
17973889	296353023
17977605	2213984
18013862	282758372
18026859	16435660
18069702	181045795
18146380	16016829
18226719	345994290
18234520	56128651
18278970	264544646
18276716	328584877
18414241	78437593
18467617	219679142
18468723	375864275
18466615	44766451
18496701	232132372
18568376	72893658
18568376	352481670
18638880	46875822
18719260	394663803
18719260	145290457
18757142	82509274
18783328	225143768
18785671	102923093
18783328	265131881
18814781	243595681
18877832	130467127
18884572	115346842
18887564	309714654
18952671	248326139
18984627	79818828
19015627	211861454
19022643	363204607
19073339	298538929
19162357	387185356
19218260	306725548
19287737	372220814
19357923	28537607
19428682	153957073
19428682	17315644
19428682	36901775
19484858	195521187
19578848	322156477
19673619	207241827
19724465	29137430
19776395	112817697
19801699	267823418
19801699	5086722
19853974	347406117
19855589	355299735
19855589	341289384
19941737	380299202
19984971	343200978
20051949	86685030
20069535	225124310
20077826	157479877
20088885	165110209
20088885	192029004
20088885	376534131
20088885	39985416
20088885	131265403
20088885	324704915
20083963	397067381
20107951	229461782
20179123	103172325
20315110	347446946
20374831	302018983
20382126	196472220
20399738	100924284
20399738	346754278
20407013	155351535
20412487	56292925
20413099	310860731
20445080	121594991
20529225	13306728
20529225	83009162
20571162	142909350
20594179	331680248
20627093	158514089
20631940	789797
20653433	318802005
20668228	147922719
20668228	46607397
20701294	1049227
20739877	148035003
20753596	30141084
20770294	344418338
20822776	112431825
20822776	203710313
20822776	103089612
20835373	349321271
20861416	33272038
21009562	17752332
21014191	393162583
21069567	149161770
21088342	303392460
21139445	323065252
21152907	154865326
21160469	399226652
21164348	43090791
21164348	244698659
21164348	220125155
21255545	339877722
21306311	142435050
21327019	208284444
21416805	58900978
21443726	357531140
21443726	380928406
21535606	314702846
21542579	227029888
21550820	49002319
21562879	398610887
21577503	82224450
21581898	154945104
21592323	216497740
21625472	198400340
21645393	384305434
21647794	192110105
21700162	228216918
21826926	298547097
21838492	364814026
21858677	171722729
21882439	351300870
21965659	260482162
21979853	80474744
22000176	83428160
22062198	80086740
22087352	329206214
22120910	125792397
22120910	13133066
22131679	127342453
22131679	19693216
22141234	208158841
22188688	339969219
22207419	368103090
22207419	134617393
22259436	344363559
22290921	396932676
22293785	204028355
22292095	56185126
22296164	260336121
22296164	212755537
22296164	370156538
22322462	193191799
22412562	57691067
22429562	122074770
22443097	338157304
22508947	173418616
22508947	287455644
22511204	276636269
22508947	114830030
22520961	135902218
22535984	314400494
22534775	6429672
22572732	368052678
22575016	96250729
22607253	322788866
22627002	105970295
22630793	77476550
22742244	225053490
22752638	373786494
22809028	253791398
22876847	395937352
22907788	17271061
22918378	313357517
22962898	217187947
22978837	347709283
23111298	89882677
23126097	150736734
23184816	353086144
23266483	361021063
23286783	296895689
23305065	270935813
23309257	359174174
23382288	36266314
23400150	241634484
23415898	113869476
23455674	273985587
23499865	283877736
23522071	151746848
23605871	394418119
23616898	68488092
23720770	395614699
23748387	155508668
23784981	394682031
23801221	72242874
23803726	115253639
23863931	48774843
23871139	244342579
23871139	278394358
23928014	295080192
23937230	395375804
23940066	97445786
23950164	208001116
23954930	106288026
24033635	382163115
24091547	356893597
24091547	28085753
24145962	120526937
24193794	322844834
24193794	360461490
24192148	367190595
24233054	256376369
24241804	288535049
24267109	91687194
24324842	12632821
24325033	68360116
24334562	365953351
24440933	18606967
24487493	351107040
24543172	299192630
24572094	30108550
24576912	322451454
24576850	192410537
24595471	342757910
24605113	335501505
24686021	349721588
24721250	103526364
24720457	326300195
24849889	326882008
24867758	159642189
24869780	291981808
24897986	383325233
24911464	192256488
24955430	142034274
25004152	22371246
25008986	126649999
25018209	321310326
25078067	106830636
25149288	257112200
25172582	298682113
25208024	403076696
25314961	159027997
25341318	179567276
25395616	232872385
25445423	302778169
25504615	345408553
25586061	26391185
25587065	77078713
25587065	381643765
25633149	228505787
25655135	160348254
25656767	64621572
25656767	230385365
25655135	162007268
25655135	164459456
25802667	158768793
25803826	177289740
25822465	42654066
25838841	83856166
25894841	364149449
25933952	279165073
25967108	389236037
25985265	284586738
25988037	279989991
26008736	317280534
26018994	148469721
26097558	123905299
26166974	400978037
26166974	375480402
26188137	224459562
26323197	14856427
26323197	331862055
26331077	43914625
26332946	389750965
26332946	383346940
26514983	390090257
26565211	278665836
26567345	154972983
26567345	374978266
26601673	374583017
26601761	69037154
26611205	134235724
26624471	177066390
26619135	11002947
26649832	4724508
26676654	247576549
26706890	142626707
26791414	89950128
26863394	118931865
26887028	180127877
26887028	311847070
26941265	142521123
26960018	299167928
27045948	49640195
27061752	351771182
27061752	94829901
27140329	63057123
27202387	288752509
27212804	284730171
27257414	203840594
27257722	386100127
27265562	158036426
27336668	376956966
27350413	104921350
27372786	169407909
27372786	319959226
27407225	91641763
27417572	170990234
27423285	320785803
27475917	114996654
27494642	287593643
27504713	338417497
27533098	255770057
27568376	162649342
27631071	264938305
27724791	350947168
27776823	43163420
27853936	57651346
27907626	246582630
27923227	167675221
27985131	352591764
27999723	292283225
28016773	386998695
28016773	149502325
28030310	295639876
28034922	38431747
28048499	55472471
28060069	330284612
28072606	341271501
28075068	84429273
28082794	17994466
28095467	51860644
28139476	301896532
28199547	392668743
28200902	320367924
28242193	260896214
28242193	333395919
28271991	144324334
28383290	373701547
28452877	248448786
28499012	42591907
28631389	103818790
28666632	160556158
28666632	25316865
28671378	76291166
28700577	275922825
28715766	103172325
28750600	390602811
28788109	244378522
28795024	392380664
28893114	228156065
28958850	260697343
28998808	388719699
29059892	193532933
29081358	311907141
29081358	396114588
29111493	82769825
29122673	197320667
29153096	243228023
29222438	183756451
29242034	133998586
29240517	247725610
29254222	186599249
29254222	222941806
29282872	28361484
29278767	369637414
29304865	401387964
29314820	182893307
29333144	257999628
29339917	321272900
29380732	156116026
29518110	388443449
29558868	264261904
29564461	120855678
29587501	317728075
29618946	264393521
29699050	121535339
29724565	319013264
29727209	270528529
29750933	158707521
29777309	223016880
29777309	368206036
29852767	184822520
29870240	33288920
29941866	68160484
29952792	229253802
29965871	177369828
29965871	345346868
29978868	308344258
29982061	199111763
30070824	291417067
30110678	346471289
30128257	215549947
30173713	166143885
30179702	95213499
30216484	30708395
30218126	48670090
30224071	190994392
30291018	310044221
30291018	352709775
30291018	232700210
30291018	322701229
30396374	293938238
30405616	359731229
30419994	98570501
30498190	45497249
30519982	301404438
30613047	153145021
30616107	26597349
30647906	331173187
30763937	114300851
30764442	22478987
30764442	373306266
30764442	401343806
30848432	255658091
30878137	177837591
30894282	188040125
30951166	314807256
30968602	673562
30968602	299684411
30968602	363651104
30968602	297577665
30968602	227629513
30968602	271166541
30968602	372457224
30973596	38644408
30973596	250978901
30968602	390454052
30968602	391604536
30968602	233908120
30975008	90419529
30998778	16050550
31002064	314158089
31021652	72217003
31025548	54589329
31046960	96206100
31127984	281351303
31148820	349766793
31228832	201787421
31288903	191656679
31288175	340759788
31301556	40011809
31370114	302670723
31377124	243678384
31379575	259108062
31433920	6317758
31516724	391155069
31529532	287019383
31539297	219267565
31539297	360330336
31539297	373579311
31539297	332984186
31539297	231482816
31539297	132254528
31539297	103971862
31541947	33144787
31798625	195483180
31814980	192586724
31822592	118712665
31856813	351999342
31878489	112971510
31883308	37478415
31886271	16109908
31897278	290245099
31941790	90768386
31963386	107143031
32040035	59515723
32055608	137787943
32058440	185770371
32082332	172621440
32078470	256499189
32102145	284131875
32309206	140489318
32322111	337051803
32372506	63581334
32380098	244229876
32408100	169024481
32414196	258846304
32497834	299838713
32520754	395294600
32560945	323314837
32631966	191105321
32693487	59937489
32696777	38897725
32724938	337164027
32794762	128516298
32807594	394254435
32838902	26418315
32838902	62472005
32838902	224642945
32838902	300454026
32925380	392587421
32967808	234457354
33041274	92836193
33067735	90881558
33086809	183152400
33123101	334865046
33168507	278432568
33182217	129168172
33186760	139964383
33263216	262894528
33263216	307894555
33274890	141382888
33274890	238017771
33274890	58785965
33274890	245223105
33274890	162181364
33322432	140133840
33417691	322440502
33433792	253134554
33462209	199086994
33486807	393303358
33528270	174012484
33537545	395135744
33617273	171327249
33672648	215070970
33799239	277750638
33811732	238844418
33835468	49600484
33842407	344357147
33894170	147241422
34041044	325189342
34053826	27786715
34046525	141435556
34054701	399983799
34070297	86155465
34070297	294822733
34076087	242098839
34076087	12878940
34083118	311525762
34093403	239139054
34128454	365546386
34127546	103456700
34209883	120369292
34209883	384424263
34213602	99138112
34221373	218784750
34221373	331704446
34270892	308770138
34273267	31784308
34299545	50898615
34338932	57458108
34339095	9726855
34339095	54022486
34396073	309627507
34412210	130933517
34454295	47442701
34474358	391714355
34470465	401513300
34555690	40886826
34571944	144549058
34617889	324756445
34622297	322355232
34652517	102226883
34656973	121836785
34679539	281334587
34681845	228877065
34740789	247461853
34784434	12677588
34784991	89954939
34815570	120085330
34823934	335528451
34822887	151043432
34865509	220963324
34978733	103172325
34978733	30708395
34997772	62956569
35055974	239154013
35054504	221384566
35054504	233693989
35116199	276838893
35198290	211924435
35231869	142526447
35336605	266550680
35423693	206014512
35465324	263346838
35490099	281332576
35516702	18937608
35522475	316814154
35537533	281591347
35545588	114547025
35579018	190831161
35579018	232052106
35611396	181593291
35628736	94122
35631140	280937945
35633308	125666923
35650225	139239188
35695244	215739909
35780939	104164028
35792616	240361343
35810523	174512128
35808673	28219403
35830063	49473169
35848994	52112035
35857918	217430718
35854829	233166132
35869286	399823556
35893260	99186615
35894269	220551216
35923720	50097916
36031806	16532193
36110832	291814746
36169105	260899842
36210237	195408938
36210237	386559451
36222355	229889828
36303936	131728535
36308136	194769297
36397033	161752933
36430094	312181406
36444003	382958578
36482006	103520291
36488800	80773034
36482006	320079374
36499600	11893755
36540584	37880614
36540584	342113735
36591491	154121762
36606376	18328142
36606376	80785125
36605183	284520121
36622901	196591030
36637008	259029154
36668708	402751117
36725619	168731878
36755580	345488775
36887449	2695310
36893826	229471809
36934018	93836472
36934018	375670540
36934018	261285450
36975606	173739036
36984615	242200400
37002170	180031738
37002170	146139113
37002170	43395439
37036849	307598131
37110934	14087919
37157997	195849049
37163798	64226573
37159469	77065687
37223902	392263329
37252080	348494229
37443857	227627436
37529991	167998154
37610154	212546262
37610154	168544878
37615878	250059551
37642588	333287706
37682797	78900191
37706393	150697113
37706393	73162653
37789436	256964061
37810987	138901011
37816624	106489537
37858428	337099461
37889907	332946844
37975370	190343586
37987890	390292615
37987890	345487275
38040654	41235002
38053750	69832150
38057139	338516148
38180894	349474085
38229412	88591503
38315344	328084899
38395782	177575455
38433295	182004557
38437296	72578268
38437296	36594984
38473621	179675531
38511321	48836770
38510977	216083603
38563708	251006414
38609357	57391667
38609357	382887334
38609357	150261698
38669780	304234228
38722355	309494293
38765908	398080112
38766884	348844976
38800949	186805084
38802179	217522197
38951852	399068246
38951852	396991598
39104461	371477210
39151370	111361298
39174675	382409197
39281427	327363878
39377497	148767325
39461053	112607534
39513987	182180677
39513987	246665036
39572859	25730856
39599799	265985904
39601299	136329889
39663816	57458379
39698795	279620509
39701623	310778364
39701750	213815450
39754612	374279188
39757747	247251319
39797007	94859511
39807734	165082078
39805007	394539723
39807734	317570843
39856990	197161727
39864348	401671575
39883477	222216391
39893537	199873218
39930847	70763135
39948119	363465187
40037142	26859173
40037142	59897933
40037142	127287530
40037142	127795003
40037142	85455430
40087606	129230279
40087606	42125828
40092165	234822418
40131501	196184205
40170415	134213091
40189377	315494348
40226128	319322970
40236252	284007295
40242891	134177678
40277984	179678106
40332214	187903296
40349607	33555227
40346868	157618510
40356415	116628945
40356415	78685275
40356415	264732212
40356415	216319780
40386419	104762623
40500959	124062495
40542508	95083947
40617849	281755092
40627446	121705493
40657140	251525405
40699057	178644354
40698659	52023298
40718564	188390101
40714250	102916422
40730783	190593047
40778811	103001328
40847359	347464259
40846657	360371281
40875935	152106983
40890697	390086587
40890697	240317162
40890697	236891069
40890697	66035088
40890697	190892644
40905444	10155239
40890697	218611247
40890697	218779631
40906084	154349959
40953296	187390205
41035306	239014700
41059813	118375872
41090881	163551954
41104991	342177067
41116039	67076508
41121860	225728547
41130767	350266107
41149992	103172325
41149992	263645825
41170712	5281181
41206933	104924466
41254745	64709740
41254745	183503329
41254745	221898194
41274109	169443857
41279952	363170373
41364130	156905232
41371260	356470821
41393272	285978230
41405604	228220133
41470907	307313509
41496550	1883799
41537373	299129386
41547180	124655224
41602873	284554932
41676728	197464614
41707571	263484740
41714501	153410784
41720405	19510459
41754661	296899444
41817312	186446215
41866741	385790591
41880475	105437471
41880475	186345918
41880475	22183006
41906121	119180414
42010561	34716382
42010136	373353689
42026768	367676125
42060466	99773714
42094108	212628588
42094108	216070426
42094579	323959887
42115751	379216064
42251953	208034844
42251953	120589819
42283656	375675751
42343267	8092980
42398978	311942438
42416091	144112289
42441759	14713078
42489793	100271766
42577518	87224335
42594816	121438102
42673238	235847486
42718524	35067229
42721825	21469169
42754618	326991500
42768927	52300893
42775447	108451782
42794920	87546522
42805709	146534326
42889478	67449354
42889478	120933714
42918509	249300815
42918509	375617201
42924151	22972830
42938080	269496920
42940665	181388048
42958249	349565699
43017885	80616965
43017885	87073822
43052420	57187185
43054184	228549215
43058189	93024972
43151911	304334081
43199693	126947701
43284045	218285811
43298969	29966134
43360984	146601411
43352680	313262823
43387128	315800206
43414683	314913578
43419762	236688824
43425050	242200400
43433141	234284472
43444368	171566438
43444368	69189053
43444368	364118980
43479115	26144675
43496100	341720831
43528617	236866489
43529756	243094326
43550789	11190567
43555134	24674384
43568823	38574357
43583994	172186194
43589091	56019874
43589091	93860960
43589091	265812463
43589091	384414837
43656683	255383606
43660190	149162269
43726825	53133841
43728701	118255761
43732892	355792396
43752943	105155005
43758451	229403573
43794523	234037619
43849962	286353730
43865507	96387188
43878184	56281943
43956883	137548695
44040790	124299610
44040068	37710365
44099100	134982977
44099010	178267822
44117058	341300913
44139073	33555299
44230059	195674222
44247443	34724096
44250058	143813685
44250058	99747432
44273686	19596379
44276991	302545190
44301822	374362028
44333467	214778424
44348185	140072918
44440298	128534932
44440298	82980209
44446050	27859283
44459851	174693365
44520649	87655865
44528673	325184363
44563155	215652036
44602131	261860794
44611474	148904007
44721372	105233332
44723768	164336390
44723768	331753075
44725594	326454295
44757733	174862284
44786837	24038837
44846289	135570807
44846289	384935710
44892446	291381484
44903898	32500037
44921618	13799498
44982165	175454689
45155348	54024669
45165851	366895857
45180700	224092743
45207371	43796541
45212020	85752677
45210464	213397047
45298406	305613858
45357596	348097771
45369805	113755579
45400510	85968627
45400510	269490620
45433335	197026257
45432979	139606534
45433314	391540935
45461980	253665762
45461980	197740554
45506845	180017472
45506845	64424464
45519992	199588795
45581553	32825819
45643687	51833077
45793384	321609619
45850570	197384852
45899121	341738994
45895890	345243819
45907220	168011153
45925523	179482402
45923821	380657441
45932959	214957773
45946607	155219509
45947220	365024064
46003093	345494807
46005026	227263908
46018427	170938621
46124028	183503329
46135246	381419005
46143156	256187578
46149001	309731001
46202413	182751922
46292873	319489694
46300783	364373497
46341112	146534612
46369857	252716098
46374880	272779044
46446811	46493335
46446811	392124309
46468004	55343839
46480782	254872509
46585839	60962375
46595116	53933774
46616663	246956189
46716683	333434866
46832510	165412253
46868403	83441338
46880765	297043073
46880765	320136692
46880765	48982775
46880765	56120559
46907006	350637311
46907006	20344262
46923532	197390091
46950658	153525200
46960940	25445425
46970851	30767456
46970051	203680624
46986563	58863434
46986563	343251899
46986563	303149844
47086519	58988101
47264561	19698435
47264561	376073006
47268505	14785574
47268505	282571986
47279682	316843741
47301592	335693669
47306157	174896514
47310818	80503952
47325544	370461772
47368432	350822744
47362096	225529633
47369683	275150249
47385917	370015008
47387793	147769883
47387793	144347792
47530985	39670671
47639463	231537005
47647877	388762176
47674214	213703739
47694002	252607435
47743700	333870715
47758082	151305161
47768684	205479207
47768684	234157312
47779606	8663282
47786961	202093831
47786961	255308573
47786961	131353652
47863970	146347199
47883316	155278690
47884415	183001743
47925361	216562056
47994796	20295474
48017741	92386650
48030306	241982751
48068347	86479418
48068347	30708395
48067994	358011501
48068347	352019252
48067994	275004224
48067994	277672944
48082922	110800115
48105848	278404680
48131728	296860288
48131728	145201024
48131728	358787985
48137599	319737927
48193991	317225159
48230522	154800021
48264102	248247266
48535793	63541570
48535793	345350516
48578989	244808602
48599818	402278457
48609932	352769078
48604890	383272352
48612731	317731505
48635870	76234373
48670145	88064472
48679309	196003070
48755597	153370787
48779987	280993298
48796500	184052135
48989037	157714621
48998703	348406719
49029845	285609946
49029845	163434856
49046538	303931005
49073154	67456631
49096049	291270629
49105739	333790406
49112415	260291631
49112415	87240196
49190068	356119760
49314885	303723517
49314885	394233966
49356133	8815308
49468745	299941043
49524948	312742520
49546533	197517111
49623515	220289205
49623515	62924565
49646592	353765810
49728384	349409818
49728422	122951745
49753569	113148482
49795976	158517758
49866487	349521178
49881111	358104269
49900494	106683721
49975880	101755333
50008896	393976291
50008896	378014193
50008896	296953234
50013274	223640513
50013274	377147327
50130837	171789508
50135491	294593079
50138233	114076646
50155528	228057315
50234008	85628996
50223419	120074211
50283673	363812169
50293320	260371057
50329439	152341286
50435212	140534650
50499277	20607127
50507687	33754162
50505056	40058649
50579349	216373759
50593789	139729102
50725863	241467394
50793136	371237650
50831486	261943461
50890069	285259907
50897898	22341840
50912413	34161271
50918812	19405980
50923868	71980503
50923868	339911301
50927401	100862246
50997785	45052160
51025167	138575815
51063758	233832679
51159577	138661006
51197763	95388476
51211831	182065571
51271243	76918319
51343930	182893307
51357386	315199710
51361783	291377807
51361783	154732645
51361783	73440853
51361783	382495941
51361783	253749408
51475639	292244205
51497083	26186172
51505658	380501784
51591521	189659568
51706138	273663967
51725663	184615440
51795163	41436080
51795652	24592214
51837929	207028349
51844491	64409601
51884021	66185029
51902508	31949784
51902508	288134727
51902508	38322339
51921254	183872074
51940520	281727790
51999437	315199710
52124548	78409752
52179846	298339775
52200017	126265055
52204392	326827630
52230666	9855240
52237080	114287889
52277239	267872236
52301243	33213462
52304008	6487897
52380037	369555069
52381616	210749233
52554625	376844379
52554625	379495252
52554625	155396005
52554625	400088155
52559094	399711007
52635224	395456809
52759257	36395926
52784981	258498191
52797041	137517448
52797041	394972059
52819261	240227286
52864871	314303880
52914209	226792876
52914209	403604647
52944481	232113351
52967471	284217597
53001273	16954981
53001273	256678596
53028961	162631747
53030679	256063234
53050626	140026462
53073795	216471095
53086475	37266339
53162802	23680954
53162802	327767037
53162802	261821162
53162802	91327414
53162802	93712093
53162802	104413271
53162802	196909416
53162802	213305770
53247778	223082915
53268817	157348128
53285486	284990561
53292550	8260372
53303592	139714007
53382827	66253306
53375567	292187919
53397354	343652252
53409307	206775863
53409307	10324338
53439533	214685718
53477944	178802733
53533814	44475301
53538340	226844395
53538340	312759259
53587717	128279770
53615506	201506051
53624697	223632305
53715412	2835098
53716372	267465491
53716372	51797729
53725261	292749704
53765554	234233378
53788775	174715317
53814584	142372339
53814584	299107009
53874089	276636269
53946924	109323281
53959823	61556840
53959823	21119313
53959823	236812222
53966155	274967452
54096632	147232357
54162816	339381139
54220241	136416732
54242953	238608861
54331776	362690518
54428842	200391407
54487586	90895286
54494036	156850435
54519122	396473726
54590395	22687548
54590395	232646078
54593559	255921633
54632196	369644648
54764185	382255728
54768145	141658806
54768986	167466434
54774773	331518085
54773887	369122284
54810352	200500933
54812528	193939355
54814895	294809080
54923009	289033425
54996698	179617348
55070999	275657542
55093256	289517168
55097693	348591401
55124798	262711185
55151592	318945982
55266459	393428830
55277420	224064869
55277420	237046475
55277420	363207763
55277420	10461925
55391666	147396431
55486972	79581913
55501912	239595815
55566905	291691831
55628532	37797828
55642638	144786873
55654618	384095074
55685891	140208249
55683155	52374645
55692297	115877242
55699354	214494748
55711348	179454442
55710396	96678211
55720647	180325470
55720647	336541652
55747448	362900409
55801321	135220571
55844176	364413943
55869326	396226890
55947122	327226606
55943157	315588741
55955037	350905205
55962279	243472318
55962619	187375472
55974655	137718045
55976063	366622212
56010918	185940319
56100379	172584885
56117463	136206565
56143699	161091273
56201790	249290021
56216565	30340841
56253845	172650419
56297868	83211646
56302575	100981610
56300427	99740132
56319127	373107119
56343359	98560613
56402594	277146266
56437636	354513602
56461754	385199097
56464548	378638607
56461754	308548574
56461754	243765318
56461754	71757673
56461754	318538698
56517697	271132800
56603019	382688484
56678961	46730925
56747284	289864313
56801643	291660312
56829456	280523259
56829456	103372199
56920798	196781385
57016419	63537930
57016419	197782290
57016419	166453329
57016419	380752299
57016419	191133358
57019305	369702701
57016419	393623172
57061111	305930511
57072649	117559581
57105826	381967307
57119274	87223134
57130254	245827707
57268167	98708319
57276008	169323011
57289577	104309331
57370394	26532206
57436521	360042713
57441484	39180871
57451243	253796106
57456012	186192412
57465350	128283035
57561820	206451597
57619154	209248274
57629433	85654543
57666720	7242306
57666720	77431907
57748352	397318879
57808521	58866800
57837608	211578639
57839410	310727649
57847397	188492732
57839410	299598578
57904348	229728976
57911415	145142222
57993684	306816864
58001307	114489602
58045199	148561876
58067711	42241552
58081107	281377816
58114076	373683409
58114076	236111881
58120524	64224113
58120524	347714089
58128615	370854864
58138206	42804845
58135414	101268199
58155420	161786738
58156277	14677825
58156277	174085021
58155420	262740878
58269727	127115192
58358473	238185976
58441137	77255134
58663600	145781618
58663600	403333011
58691735	55642800
58723335	300729186
58763867	99300534
58763867	225757907
58894337	274683489
58910650	123431538
58941345	6958935
58949033	24226320
58949033	127291397
59020525	341473941
59050960	399849413
59055184	24345543
59071872	325734111
59111644	70962791
59120901	223067888
59123754	60337452
59123754	239436199
59123754	359513759
59157734	322777642
59169242	325571710
59208426	297098275
59224226	30241207
59259598	194421144
59261596	271001879
59291958	154767778
59325707	338872943
59338426	219627394
59338426	328048040
59344106	372134818
59349851	186381209
59369008	109651880
59369008	83456566
59369008	195790096
59369008	346967597
59537879	12964309
59568063	3488327
59587518	348263142
59638560	370033081
59641132	287476278
59641132	1872723
59684008	258040150
59684653	9236883
59735930	113270219
59809290	67918812
59890138	182747071
59927966	18828739
59986043	377702313
59989733	210380593
59995852	197207385
60047197	318747860
60099691	164397661
60124341	130249408
60139385	48410342
60146997	237970322
60168858	277188028
60172815	397739779
60190245	296833453
60229407	3348510
60257963	144786422
60270183	163042680
60271123	50898615
60305194	86263597
60347798	197155450
60368399	255592508
60373857	323892704
60506837	16601279
60518261	225839199
60563654	9518812
60608036	167530705
60613740	330330709
60655242	24320936
60688061	182743897
60822088	83046325
60852925	53442033
60881494	83438171
60909824	192363379
60908930	231178644
60941379	318390925
60972069	71298115
61016883	92431073
61033649	305160691
61050637	270530224
61077687	164247695
61089225	78833543
61121280	380669606
61128205	58700540
61143845	5054984
61151613	91007477
61205710	175875728
61207809	66838119
61212119	272424671
61223167	372428640
61230194	342092347
61230631	353950579
61232665	95463122
61252344	18857609
61263741	159865187
61288298	188601876
61359309	380673732
61390788	140078457
61399079	272076189
61407758	107190209
61416827	90206974
61416827	226621968
61445168	308964310
61464018	60533413
61527611	160393952
61529679	246692825
61535623	105332778
61534646	75809115
61547348	304059155
61553197	31202996
61575892	48451183
61658592	184786840
61665499	208924399
61779828	352853147
61874527	277269693
61899988	240864925
61934137	351059124
62040774	343051888
62058763	234345573
62065396	111913636
62196610	67393676
62213479	257446300
62241864	48683592
62241864	49491736
62282568	233773166
62309563	271217705
62378530	19527615
62469658	329113772
62507210	275800322
62550758	369425719
62550758	103967242
62550228	240098844
62587385	802372
62594564	67947538
62616687	97051400
62741928	145301432
62746515	310517804
62774426	182572726
62780124	70217215
62862293	176531441
62863868	37727458
62889610	52689603
62923742	60528128
63066999	288958887
63079657	273632204
63089516	198737478
63112639	171033759
63190507	15761754
63191109	59333519
63321143	203759112
63321143	93330958
63337108	401668151
63337108	297643184
63361328	359632516
63370525	256843521
63409272	154908879
63409942	336740588
63465713	136363642
63497035	334823772
63504820	4739872
63508623	302835193
63514700	5969328
63514700	168034511
63597549	259533984
63612894	387836971
63662145	312227075
63681662	335628172
63700057	180708114
63720672	289302495
63737339	398533007
63797687	389606092
63811669	202883762
63827073	167014987
63854182	311674876
63854182	270325627
63858945	345025181
63867956	187613684
63905132	16847233
63905132	355363819
63968644	402163686
63988684	217455091
64013943	80129884
64013943	319864069
64038700	396473726
64038700	319708816
64066949	104723236
64072826	264989684
64075776	220924504
64087996	396525706
64107548	170390266
64176469	189806949
64182108	239257865
64272811	227769425
64292361	120227908
64292361	147972556
64292361	249298487
64292361	98384614
64376989	161132666
64441685	292843737
64474027	331025631
64505573	157687989
64539186	327431311
64542419	95110842
64601074	155106776
64605953	47454613
64609093	198400340
64609093	384771739
64732564	337897351
64741399	199065272
64850978	149309361
64952941	140439716
64974799	10739341
64968855	404210861
65014656	199720575
65016578	346405796
65051637	388695248
65060715	110131396
65090674	88356543
65094467	224407118
65114557	280619930
65145634	14550444
65171780	361995847
65290920	338309308
65308138	60337452
65350438	223705081
65382391	20640723
65415110	120863468
65438450	212462814
65506619	274944002
65544475	145218417
65538993	322130663
65544475	252412930
65581643	284745744
65616278	253032294
65616278	171862079
65648803	53525771
65691767	62993166
65697092	273404215
65697092	207452601
65737417	311164313
65763000	118080705
65765950	63878816
65792686	38669719
65800475	6806499
65818786	296636574
65878486	159720323
65943504	245619392
66037573	183823860
66037573	223058503
66037573	260277482
66126665	57651907
66134441	190354799
66144300	295862231
66207473	234178855
66220943	204871622
66237832	176110956
66281283	339120961
66293908	1547455
66392858	237685653
66413387	173123024
66428095	359175456
66508618	147620394
66579017	192566568
66579017	135695068
66579017	182052735
66577002	352459513
66589777	80794065
66630860	269275242
66718742	199699377
66809505	164413888
66887288	81988887
66894949	400842167
66902950	117826663
66911028	42961861
66927255	257370988
66994255	53441271
66999486	115466537
67007741	301895801
67007741	302295721
67007741	232620449
67007741	261402252
67090298	327111523
67105039	234193827
67178153	232783111
67205327	25933346
67222174	381241317
67248747	100148163
67497909	157968967
67510962	264536621
67518003	195368556
67518003	188567131
67534779	211237483
67534779	38816820
67569361	158466548
67627723	337570200
67649063	350825696
67649063	242763705
67694021	107209415
67738883	306525646
67813486	88364225
67835499	56511558
67844408	264244262
67844751	205536062
67855240	282086045
67866123	63661154
67944158	23305063
67944158	230764552
67957807	171658142
67960220	107892486
67993976	244287557
68007380	46092758
68007380	278208180
68050045	78144179
68067382	131244235
68080136	269942921
68095555	107705360
68095555	256972594
68115153	292868794
68178877	169658630
68238100	374127206
68246767	43001766
68278998	171376774
68289035	72940790
68350728	73379927
68405434	182445741
68406583	312987689
68417631	302734781
68435440	11977794
68435440	346616341
68458776	340696423
68477321	360946626
68529973	229896380
68529973	144469430
68551795	364674214
68564593	210237456
68638917	11140658
68685866	261660497
68781724	20427780
68810668	375139112
68841205	22357671
68956906	300407854
69049376	103340621
69066229	375917544
69086644	77461340
69110933	154970800
69234336	350922549
69235545	109601886
69246113	255299066
69264659	377703224
69288163	224301154
69302686	7823704
69371941	358138712
69371941	187486699
69469389	388256072
69487573	383459542
69519141	323605469
69532071	248024838
69536416	245148383
69538565	219177409
69538565	145535535
69538565	159477809
69549587	329683701
69569198	83844880
69572383	114596079
69584208	243464614
69588627	255258801
69577887	179096259
69604635	21500975
69647562	58986797
69660009	169599306
69664048	279523156
69745348	274160549
69752240	135668438
69779924	197161727
69786626	262249171
69783596	32696019
69900623	39161692
69924910	59963465
69998521	359006236
70002144	48941030
70044561	17210228
70044561	387506380
70059139	217775579
70188928	36928616
70229448	75220761
70225584	319499597
70238158	154376588
70243311	111653263
70238158	11642409
70256093	180514020
70256093	364669691
70269464	348056148
70274511	241937504
70324037	118559687
70392800	86874807
70394483	246720977
70408430	131903733
70404024	370927212
70407257	219362605
70507630	64577165
70507630	80870670
70507630	335803189
70540086	344174243
70559202	380501784
70554519	243678384
70573015	122498618
70595583	76967946
70595583	17950343
70595583	192117203
70595583	301356684
70595583	651256
70626378	49074549
70645286	97198607
70665304	7828496
70729586	141900284
70732973	120829961
70769393	188456569
70804896	116646095
70804896	234300941
70817788	324124843
70894997	366498181
70915863	260681803
70931259	247635934
70946844	297683260
70961594	2106027
70973246	340787093
70981526	163318510
71035798	248367923
71090448	121565017
71125469	251629243
71197627	198428766
71284940	369727631
71314720	361235635
71342596	57579994
71363099	246247244
71432887	216643091
71439657	147034943
71469310	180307349
71485842	26928082
71590584	245604879
71612769	336095726
71620527	112304482
71658318	267701496
71695825	182934360
71792372	42198018
71803131	156668712
71918230	221404296
71932218	380501784
71943320	36833507
72034380	67638414
72038783	152374324
72057150	50747500
72062614	348095247
72160915	327357736
72197462	129974313
72335017	223187509
72425503	380501784
72484202	380563156
72537204	24440470
72532253	292393083
72576679	371257774
72603969	126162363
72714739	399670349
72714739	333325155
72836554	105703320
72873209	21930224
72920431	207067108
73056063	264313477
73176161	7266893
73212663	193229680
73259103	364859384
73284739	92047526
73337705	211967946
73398999	284930008
73456619	398305956
73479405	71529798
73489399	359156206
73489038	255710896
73494502	393351777
73506362	176155665
73542520	36037969
73557777	230074894
73556271	252280162
73573056	191210878
73639708	307785813
73639708	7752485
73639708	281258802
73685730	302794561
73685221	149575529
73698445	155580935
73729728	399630611
73729728	213347799
73740432	125695683
73767186	143986176
73776307	30861578
73803057	388818074
73805290	89031897
73828426	396191184
73835029	39825682
73852295	136684430
73922501	187893219
73931241	102979090
73931241	367873411
73980209	79632609
73991630	18123066
73991630	356877124
73991630	261731367
73997799	265126722
73991630	281116313
73991630	130825092
73998978	290102463
74112656	80226835
74145233	281613339
74164995	214739813
74181379	73876301
74222130	296941941
74254943	330148915
74295451	292488457
74299357	114343077
74345510	384644927
74383414	85579895
74402502	108498772
74410572	238875806
74434612	356119760
74501579	37552480
74516486	212547249
74567479	236402181
74593233	119346828
74597815	347060087
74631352	215480891
74634554	325575986
74631352	281444423
74645098	81920212
74650427	217708184
74694976	145434520
74696629	12428164
74739303	174327141
74765872	271129647
74779813	101463477
74826103	114282768
74841858	385979092
74956776	89347608
74956776	342657029
74983305	182893307
74985403	364532808
75081392	350564893
75162196	397107889
75172723	358423781
75179043	199490830
75230570	6955156
75325363	174693365
75325363	394813594
75334260	95839693
75347212	75452616
75385888	363304963
75391782	55786953
75401753	206433081
75454741	221181794
75464457	365177350
75502594	246211048
75537122	228248194
75624198	234594646
75625698	399972199
75627621	193479944
75648348	392572858
75652007	87999360
75720417	175681327
75780719	173774293
75805098	116134325
75805098	404046016
75855941	391109776
75863213	370769909
75935029	374370611
75958522	95838046
75976356	106939888
75989774	118756154
75995515	384229268
76023527	362688408
76088879	125501966
76119633	163373711
76133477	203795253
76203230	43070473
76218025	56286625
76273599	38809901
76277605	357786309
76310057	149161770
76311736	57324714
76311736	352226508
76330740	31026361
76330740	333380333
76403116	335309109
76403116	25747325
76437729	113303144
76490117	114245006
76502480	183218290
76510638	128777082
76510638	287436815
76581840	402788723
76728329	242916744
76732417	36900910
76828462	120956980
76828462	50785273
76884424	267087108
76906829	374275441
76959219	199663377
77039868	205219028
77116070	399981085
77169097	214277876
77192146	275157052
77197932	190594970
77244351	280627310
77249519	37116331
77264621	60283137
77263080	139965187
77408481	305726842
77409546	358780298
77510410	159865187
77512608	120590937
77546354	112715230
77682229	138697866
77783688	321864628
77788071	179661968
77869439	127292840
77874338	76495757
77874338	154592828
77892206	288824712
77930542	294639190
77976289	246649373
77976193	246613415
77991451	254987660
78019367	162467040
78020671	4074156
78085173	252326507
78098274	187599199
78109206	204393840
78158170	284055112
78251263	172469517
78426293	174936320
78426293	132554600
78443090	209851412
78459083	63812697
78472175	236877191
78472175	243089198
78472175	210957708
78472175	263111605
78472175	63399825
78485819	189216769
78496484	129797082
78496484	390016089
78508242	305053848
78508242	337181596
78519013	16131663
78537601	317925687
78653724	140442664
78795544	6215901
78937901	339493159
78953371	116819272
78960812	125976380
78979775	210443131
79008408	338164503
79012436	137046788
79036118	202724143
79053530	384801850
79128401	194596720
79153075	124390588
79167262	400703624
79189862	120693869
79222650	33196913
79242949	293581167
79253413	82851983
79257066	141633412
79265863	195976246
79255058	387055170
79348079	34715139
79371000	351703786
79386380	141240679
79406029	219373697
79406029	298256135
79431081	261052100
79431081	300499059
79434069	227158363
79431171	230492180
79477837	62546435
79481543	193234940
79481543	403999111
79496242	220773869
79496242	277728589
79534765	276544630
79609471	10811337
79615344	272286717
79638570	133322826
79653232	232516068
79761335	346986070
79772069	63390483
79835984	163303164
79841687	244300818
79891014	178118545
79892533	163561299
79899750	245234410
79919791	157984068
79958989	288162475
80042651	150221928
80046880	269088186
80082865	187375472
80112570	118175260
80152848	78304989
80247723	231884423
80260094	95085537
80325849	270161757
80343739	349576659
80393720	204255674
80525230	286623301
80525423	275027699
80560952	294725243
80583925	26536876
80584448	228096103
80608253	33145786
80634845	162333115
80642018	72647175
80663816	105718052
80667412	287596898
80773257	64437516
80812001	33807929
80840770	357541103
80870161	286581491
80880573	244744624
80881846	198401229
80932126	383230819
80940836	280089639
80943299	342372325
81092642	163075353
81092642	385417480
81097877	46973341
81135080	73474974
81145772	217521381
81144373	227417093
81167589	5671958
81167589	169377460
81182352	39592515
81200144	144749874
81324383	384439705
81359888	198779605
81395038	101172781
81434808	234644736
81508246	40101797
81534034	351771215
81565821	206885728
81565821	45930392
81619255	134697790
81726126	116310339
81735625	62752967
81770470	145907469
81766112	355685247
81776264	62072352
81949174	161232206
81949174	208511421
81972364	100730227
81991772	242038037
81999830	272442254
82009902	233808421
82017310	286838474
82068945	102559167
82067285	15892077
82064235	357754218
82070766	271051754
82107617	162388528
82107617	354291289
82236214	145395897
82241844	264424578
82286190	9920077
82287704	8325979
82332505	316426377
82379663	17483607
82426132	163696703
82439316	209405517
82460319	179725844
82485871	118676721
82538270	89997714
82559702	227183572
82566014	345467884
82578958	214289823
82594900	398915761
82623941	210614241
82623941	11280971
82662750	49196904
82735378	269653715
82740810	44569611
82763530	29783263
82852096	250786352
82873284	156431571
82891481	244595559
82903291	69865964
82933809	121729833
82995532	173500885
82995532	142710336
83083293	317350006
83093299	110024463
83093299	322280291
83149641	252582969
83179399	273002008
83245079	382460689
83255101	3712515
83320133	252205052
83329499	258871940
83360059	246414537
83366292	97477774
83387981	164336293
83516423	102892148
83599365	127610962
83599365	152605907
83599365	75616141
83696695	48236816
83708475	341360242
83720777	178990886
83767752	24577282
83800425	141935652
83800425	118144880
83807540	308966647
83839044	320521408
83844936	270325627
83888120	236552009
83940257	266212696
83981565	42394045
83992977	238076432
84033722	235698476
84072417	144092442
84073765	246307358
84102372	199923818
84144384	278240326
84189950	267704786
84179479	241964127
84197726	311022158
84225515	307448818
84225515	76396514
84225515	172976599
84281937	364550398
84292905	350380794
84328256	287499898
84349820	278108493
84349820	383404111
84349820	375918178
84411934	375806136
84485373	126541724
84559368	297918921
84625517	307729998
84662613	370517807
84671898	189554280
84722553	123661927
84831584	192150346
84837457	386707362
84870070	403625076
84932720	88727662
84957597	224193320
85012827	371961359
85059040	302928718
85197555	128343643
85225153	317045988
85233896	351012857
85248529	401798012
85266850	103859384
85503510	331481924
85518473	53216534
85546919	88830396
85546919	93091
85546919	380306789
85572193	293636629
85636224	87261579
85656514	85831423
85774734	67132201
85809998	347137500
85901503	313395075
85984609	346459294
86030158	398744006
86113771	230404083
86218648	29990187
86229767	370997965
86247902	359381401
86315760	218932916
86386867	37519108
86420286	44273761
86448820	186384784
86471908	122143781
86512996	362388035
86578175	110981043
86578175	128720829
86632631	243504133
86634846	357995448
86657412	264757196
86720098	365292279
86730413	286316167
86728370	295404225
86798383	147318325
86798383	156332133
86830217	23369007
86858426	151269797
86870920	81390797
86888278	374580553
86925285	374187452
86952123	269856965
86957586	221543647
86954592	243313415
86980144	96450078
86980144	194626506
86980144	282758023
86980144	65344499
86994932	225765501
87069279	143268171
87177078	97282225
87242566	366075846
87256345	297394334
87275820	203576120
87306189	309738138
87312841	58043708
87347523	118314443
87345164	21147735
87353226	178056440
87353866	222161200
87455861	185303515
87467134	341426681
87503965	6496447
87584042	254907356
87584042	83098075
87665147	349611268
87704182	332273691
87707543	252909944
87731447	217367815
87731906	34776154
87740687	258540499
87760921	238629709
87807596	4371794
87821130	47704220
87879839	141450272
87898016	322285804
87922513	41709437
87939100	267877015
87949837	218011662
87959500	124479247
87972028	181542677
87980766	27019023
87980766	96536696
87980766	4939127
87987481	273400749
88001117	136006550
88001117	388365476
88016618	397357563
88114984	30726755
88179812	226750066
88291429	344094865
88291429	274314594
88312796	196871757
88313329	318599202
88341199	336327386
88347804	101716724
88372497	289770158
88379386	130032235
88393575	155906493
88395052	200772220
88404106	373227530
88413557	285005545
88425801	5376531
88437798	249747727
88436981	198367671
88556722	277166968
88692518	240072444
88710989	18738345
88751991	208112322
88782354	138670644
88782354	270528529
88824536	105251105
88898742	66810763
88928050	20155474
88933872	154125519
88965285	61443260
88986729	371221966
88986729	380388975
89028221	151357259
89028221	176255754
89028221	41560203
89028221	120801319
89140091	87655865
89209573	218271219
89209344	158247674
89299057	349756209
89380102	326733535
89446154	115006435
89446154	335591461
89467250	116068730
89471173	135828286
89472487	174488425
89494602	145646862
89520006	71650440
89573792	384198340
89627070	121428370
89740997	382317048
89746438	96983009
89755427	66611790
89809140	258862402
89809140	280927935
89854548	395294600
89870216	44938976
89904016	53001425
89947897	306955836
90011196	387321975
90031392	204428091
90080821	351522593
90121707	256635756
90149504	287560940
90153774	51487914
90168520	358764357
90246333	57993563
90243544	20570095
90255161	154422608
90258429	325133673
90444866	249749472
90444866	122693992
90444866	395461931
90487143	62112497
90507564	61617861
90581869	186682024
90578703	265738219
90606322	361289077
90614703	275347389
90631603	314682439
90631603	404541467
90701550	156392104
90759343	263884710
90851457	13493818
90962361	198870857
90964263	194101240
90962361	298938867
90962361	368434627
90962361	358968571
91025640	107426559
91088567	8995798
91088567	398463970
91103796	12358126
91138754	292341269
91156683	260697343
91160320	310722684
91193051	124559329
91216543	77280494
91216543	225339632
91238899	307118885
91271304	5108866
91376753	343164418
91425400	192769271
91421481	124110524
91486709	214930247
91535222	380567901
91606568	246514175
91628059	59468236
91663817	300619637
91667442	380146527
91682830	7260591
91704622	36833507
91721010	261530671
91792587	143481272
91792131	49052095
91793149	180211050
91834127	385116817
91834127	51635930
91850730	56557658
91904712	56838983
91917216	143163624
91950721	94295915
91948354	65550066
91952166	229991225
91952166	250700405
91992122	269974074
92007024	133677012
92004593	160138305
92024803	66769615
92054692	160221339
92054692	264067762
92131344	42321522
92140395	164480066
92154355	165808750
92187285	21711010
92195812	192059345
92235602	228583919
92347612	252449772
92354690	138587369
92407353	25335957
92433537	28743198
92455933	293242890
92524931	142939089
92577723	144598044
92589878	362961552
92656842	46429644
92677195	146098017
92680992	95479652
92711740	161813288
92715568	393401686
92721439	125047341
92721439	30704149
92721439	181707205
92777189	15801142
92782231	205701682
92782231	297664578
92807187	384123456
92879096	370436449
92949183	198944708
92966979	358136153
92965343	1487088
92964104	148590683
92966979	199332011
93012512	345749122
93040612	123127638
93040612	129599256
93040146	404166661
93040612	378968346
93051497	242847613
93065703	320436898
93156954	285303364
93184633	388644572
93231884	55977954
93260911	188195790
93294468	203882348
93329960	144654409
93330744	188824300
93337785	372821700
93337785	189422036
93337785	214216010
93377999	253326728
93489371	54585679
93504200	102350454
93511758	367782828
93512885	362637580
93524887	305803062
93558931	30237519
93586326	222465946
93588998	241799380
93605476	388171980
93661716	252169399
93668324	52610519
93668324	348728277
93730094	37281108
93783770	372724310
93798265	226631382
93886016	60774386
93895726	93933604
93901289	270325627
93919257	311239820
93957602	91953063
93958527	376712468
94010011	70170566
94022946	233595877
94022946	70099626
94061215	44383361
94107295	299848873
94107295	45463781
94109408	168889682
94127140	86767125
94128642	81878534
94158633	25797682
94254208	362502754
94325425	229954568
94328156	243050408
94328156	359566246
94325425	45032240
94325425	395231168
94325425	116068730
94325425	99240193
94325425	257909018
94325425	10406073
94325425	400034362
94325425	391052307
94325425	252865052
94345253	136305707
94417361	254511341
94421344	296543530
94428219	213400647
94468207	317976181
94482396	84051979
94482396	195544564
94482396	342250609
94481687	396175318
94554415	336137168
94578179	265956014
94633734	128872797
94636997	173292166
94662799	270266081
94676616	319676694
94695395	4438757
94722648	2478260
94760601	342635922
94771598	223344952
94771598	385136884
94933863	239905054
94933303	26091411
94954586	308469856
94954586	189827741
95034485	65491482
95120139	66889432
95146703	321880791
95240281	272005504
95265714	326700291
95272096	27923820
95281627	94547224
95317108	26290063
95318148	168351073
95412975	222163658
95412975	359812135
95412975	179382150
95418349	248924090
95425173	356087072
95454115	14455707
95530144	295463184
95531574	219149878
95538702	60616783
95576293	43893742
95622309	127124545
95655989	237501504
95675240	396978629
95685726	353775448
95705502	127212920
95705502	96807420
95733690	178723535
95733690	195260159
95770288	160830223
95784500	73117374
95784500	142925624
95806136	136825551
95812625	49002319
95823066	274709017
95823066	247551580
95823066	118249809
95823066	197319872
95823066	199876532
95837821	202012926
95865338	128120281
95890159	320565171
95926864	61481491
95926864	100045775
95944899	357815518
95969436	349301107
96032184	477546
96065506	102783911
96074818	181776074
96162594	326938100
96163463	74862363
96258204	41091463
96262233	279711509
96307786	333170621
96324263	146054309
96329362	160845184
96402132	186946091
96411647	278243596
96423297	293354948
96432820	146032630
96443111	254011390
96489670	115241600
96513539	8769612
96535115	167644737
96553776	187908448
96624026	92863582
96624026	127874510
96624026	76225160
96624026	136015477
96624026	213297914
96624026	74767552
96624026	393444163
96644556	343888744
96676252	182187564
96694290	356705473
96724009	368384168
96724009	61334223
96771251	250408785
96782784	46359744
96838212	50916072
96862485	283082077
96927552	84941463
96942107	238437968
96945408	63733415
96969238	368636711
97074118	316816595
97075177	164841580
97075177	347877350
97076510	247795074
97074118	385466119
97121188	343721343
97121188	104427312
97121188	305866710
97151018	277103113
97187199	35402256
97199264	128271394
97313777	208042769
97319648	106844936
97330811	156535223
97354312	71815363
97354312	164092576
97379762	106186830
97401160	19008912
97440651	129170927
97471465	25152931
97496708	214071170
97490734	243239139
97589570	388030702
97624381	381325779
97670377	57097931
97702085	24020708
97804369	131899913
97800599	275600383
97922045	3943029
97934053	253792315
97928650	311364377
97987541	48440263
98094435	366777430
98135147	384087620
98200071	301279409
98241230	399545744
98241172	335529644
98304041	107886401
98351656	348418187
98358524	52146221
98367213	100667361
98421497	143232239
98432359	109264389
98465378	131303011
98506407	90730217
98575193	337353892
98577030	328533649
98607547	92365997
98660376	353362278
98665473	45116451
98745400	172141929
98744637	6068327
98752718	44323701
98753928	289558782
98830159	181333977
98837307	52839349
98890799	14662642
98889204	147285530
98917924	71772261
98979225	404000550
98994128	33093603
99008869	216236988
99089204	387773761
99093602	100258709
99104140	99979776
99117977	260697343
99169173	230908708
99169173	64547724
99189422	285756462
99237408	320349814
99237408	133907896
99237950	204486438
99251367	119925966
99251281	212407505
99276712	103588284
99276712	53020794
99276712	144151721
99290600	356927626
99331836	365134010
99362878	211339402
99362878	319003261
99362878	252067663
99380118	10038009
99383054	212610210
99392285	21950820
99396783	214553688
99455522	41959897
99511410	313422445
99516598	55527675
99540450	378401080
99570613	42343285
99570613	328162087
99576873	345744091
99602367	7995431
99612655	3510780
99624128	77294575
99639622	236029159
99662524	208191392
99667976	387916623
99713322	70018575
99713322	221888657
99713322	206415917
99714208	30388095
99785472	27072657
99785472	306781152
99785472	146744468
99823376	256018233
99823376	299282389
99872703	75137813
99884594	190665084
99919659	106362643
99923423	248522879
99945983	350942199
99958527	380486266
99958527	383439462
99958527	103073878
99958527	314213287
99958527	77788692
99958527	285609946
99958527	294900020
99958527	281826681
100010518	220133037
100029456	295496374
100051825	18669782
100062647	47507488
100062647	247698311
100085730	194966003
100101468	347311727
100203929	306762509
100251397	382545995
100252204	359197005
100289107	102225890
100284473	151157463
100284473	368305184
100328824	194370687
100355376	266448526
100359536	89277173
100400294	93007922
100419981	223395410
100422083	142859143
100420864	9906514
100420864	35982440
100505748	218221348
100517971	391366318
100541890	286717947
100569254	24663876
100629105	312246279
100629105	260617742
100638070	98020199
100629105	355824754
100629105	162137640
100646494	45616906
100674343	151099264
100674343	333000043
100683868	242455794
100710203	274952360
100710203	191594945
100750775	216890330
100751419	213995171
100801613	80052181
100816277	53148384
100829906	364633143
100871034	107200890
100937622	103916743
100937622	397300471
100937548	222997550
101063544	266893994
101062636	240011264
101082461	276608288
101111731	277138682
101152942	78654356
101158762	11328628
101158762	177700674
101205410	187688733
101233046	164473759
101233046	88986148
101274595	328190375
101370226	146562574
101401227	201072
101432971	307707502
101441512	362838
101449744	231192117
101497835	56054624
101497835	371676176
101516030	344620704
101523439	48105570
101545216	329403049
101552573	304061201
101556311	35790698
101556311	187393552
101570036	8900503
101590132	2518284
101600831	381899694
101601533	347541214
101601533	273287578
101713962	169329529
101709001	195984536
101714906	98926878
101711045	214608771
101724572	120198880
101809202	325824986
101920198	202367256
101970290	331960900
101974469	269966232
102024698	10990524
102062751	138638751
102095083	197384852
102099146	356772942
102276045	207450991
102285704	37950301
102297269	195511614
102316501	216931653
102324703	269343590
102328785	7307931
102354052	335792343
102357862	274280164
102426120	44375122
102449412	249860142
102487552	178895667
102685555	152567533
102696827	308197193
102750086	330796124
102760270	317767686
102772649	140772475
102791407	5444049
102815248	282396079
102815248	84003323
102826113	104633125
102857657	152580134
102893317	93962611
102890444	143275709
102902661	169658846
102902661	145655872
102904018	77449768
102983292	156946834
103086860	368136489
103089237	342656113
103193654	313635265
103214768	171070997
103263715	337121384
103271129	312718084
103267470	31638848
103267470	33856816
103280293	4460679
103281487	35257143
103297050	128333474
103312032	270395602
103352492	194484882
103393098	253560349
103484953	48862351
103507322	15409766
103508932	134164537
103596605	333157334
103600294	287334778
103598996	202702570
103667548	393192188
103696696	1215284
103764593	70471640
103780224	187922462
103793319	216186505
103796621	217876719
103815017	185405570
103842190	185987537
104010131	364664770
104036156	133525213
104094426	36682362
104100067	38876912
104094523	331037662
104128473	177457839
104131754	320492749
104149385	313413458
104200678	344947111
104201510	401632109
104202995	290365294
104225757	75681830
104264894	80094149
104274468	159518636
104296839	151366096
104307923	366829525
104323744	153713346
104370986	207447522
104405900	190111035
104405900	98653526
104502323	250527493
104518119	37073597
104575487	115341566
104646184	396310382
104646184	264029082
104648168	378583726
104709677	70461937
104779642	154193288
104779642	33694136
104779642	179581449
104779642	206799231
104781467	130934346
104787062	275236773
104800413	43278508
104800413	347307681
104800413	38410014
104832605	20769965
104860741	180136587
104873542	169293617
104966424	336052458
104971663	242909879
104971663	218596499
105107402	397564068
105110735	220100203
105152259	86542312
105185345	262587301
105189648	353393105
105201340	374334604
105230040	93655491
105228988	389953703
105248489	217457613
105304919	249252258
105312682	343469896
105312682	365732947
105366307	288958887
105437389	360031415
105461914	217780752
105463825	231526422
105518184	136285366
105523411	68439808
105617298	15836899
105678688	137575077
105684013	296982714
105684013	168817869
105687384	317625169
105701682	368536262
105869071	212444661
105874897	245607406
105932805	379452935
105939471	171374131
105964967	35729248
106030447	209555436
106084203	311744657
106097057	359632795
106112740	170429447
106145202	176794243
106154313	24867888
106200963	164867534
106200963	247805950
106200963	235399650
106292997	286700218
106314953	274766482
106314953	283897906
106332999	322839282
106325058	212769804
106384388	218935196
106384388	192730754
106393126	165808750
106414811	13961939
106472919	247289072
106502082	187222016
106534870	211752598
106552982	3635518
106612435	364211672
106612435	42037042
106659732	106508403
106670624	290674865
106700023	135260249
106723828	33223219
106745642	20055733
106805052	242148963
106959211	31469177
106976212	369324806
107030783	18694847
107054952	4009467
107096941	267199563
107113159	404186610
107188322	315465944
107195236	141882223
107248049	84395958
107246487	156427841
107248049	117720403
107248049	377103704
107268068	153877235
107314213	112394512
107323949	298669182
107330344	275970838
107332739	279804066
107362937	256476890
107456933	175932685
107473689	168847848
107475820	120260087
107486898	182478777
107516284	43297070
107568786	173209936
107586378	225433738
107625937	293159869
107627127	151181175
107637431	308558798
107631695	337555968
107670666	159296547
107676283	199818085
107681986	194229032
107700864	380271661
107754553	9080010
107776564	343007757
107886026	33322999
107905770	20797237
107906670	115628627
107956220	75745133
107969405	86689571
107977722	109430061
108002226	312804443
108002226	362671619
108002226	49707607
108029288	78914145
108114739	196920977
108135326	120703033
108232902	223996115
108236154	250949095
108262280	179499988
108329063	360612153
108346338	283784719
108372251	9335936
108384580	291032485
108387800	14477612
108424337	133326015
108448479	300341234
108452514	52193201
108491919	76840964
108496037	345694258
108542966	52090370
108568329	300180202
108570694	387579549
108593936	361580387
108652469	41750034
108655706	325886916
108737294	287686150
108785183	56998304
108838858	106817579
108833779	389059919
109055990	207515364
109055990	132009843
109103947	149313471
109146537	339880818
109180490	298872219
109180490	264469913
109260519	221109774
109278427	250312593
109353717	40857202
109353717	153930811
109353717	169958014
109424279	104204486
109479185	40105100
109482672	143715164
109490310	103117019
109521905	219139258
109575489	309623832
109613127	60663369
109622188	387747438
109643368	276501223
109663556	242738160
109814803	89567509
109911038	349643378
110048021	300714641
110144200	88395714
110195615	241605992
110235215	173445938
110312289	1505312
110371625	287399239
110378035	213383113
110412252	350394864
110479278	139784131
110487017	115341566
110498438	58970111
110498438	300230132
110565767	287915310
110575831	379192835
110595718	324614339
110626623	334411155
110627854	330814859
110642453	158856429
110767680	393409542
110814453	334208902
110817277	386238333
110830778	388889211
110858343	74871858
110864095	379452428
110873463	336221506
110883373	336111596
110883373	248607396
110883373	225193880
110883373	204155418
110883373	37069512
110883373	386103471
110911957	8796178
110913091	72330572
110924054	334469530
110964136	136874515
110964136	402578255
110996649	1544836
111078900	402841764
111112371	327378015
111152343	56788288
111150754	63142450
111187447	80227089
111214357	218824099
111251801	171115060
111465339	370789129
111488992	188206956
111529143	101185852
111529143	190816315
111558380	351851487
111596388	89469677
111601282	223422285
111613449	147747146
111676612	245322481
111732633	358903510
111739603	319931013
111811772	160461404
111816143	46557856
111980677	360748299
111983985	50544562
112011809	246397718
112026216	274512615
112026216	17191703
112033502	331710542
112040104	400295346
112058250	386234636
112136667	379124223
112141981	22462040
112230556	272254519
112242217	33162655
112245170	243068542
112264598	391466860
112382781	260424125
112390355	171380079
112390355	263018582
112403081	80817260
112429116	185077314
112428145	23680351
112468868	15280285
112574369	230938101
112618379	142103407
112623818	132486594
112619103	351036980
112626721	281998718
112634554	329530133
112634554	151706038
112744381	259906959
112764560	251884062
112820863	187434827
112826696	102338740
112909058	244667914
112959927	329771041
112959927	167010426
112959927	101639995
112959927	177721351
112959927	323570636
112959927	23378093
112959927	384176501
113029095	162746447
113029095	73423942
113041467	141971685
113167315	348128197
113167315	355831538
113292200	165348336
113416151	305125908
113501867	21924569
113517531	136634581
113645482	157430321
113690025	240846529
113721937	368334248
113749560	138274628
113772783	179715118
113785219	125350596
113787484	80975039
113823338	338304197
113827045	97575562
113834357	111576531
113841931	67911096
113841931	320679595
113870310	84628338
114082076	143931242
114086372	193298104
114086372	57851613
114179357	13268132
114216657	230362166
114217877	270790996
114279892	350342803
114279892	13173894
114303986	13399990
114354783	277348922
114360797	47333722
114392354	93663437
114412331	359198330
114471564	117672148
114472683	327885992
114489664	69367368
114489664	177480957
114614705	275065705
114668594	241747167
114684290	339510896
114704813	4733603
114763329	90479193
114771446	56128312
114813709	255978472
114818149	88777299
114826080	10179338
114878456	343935709
114881499	40737592
114887280	65446572
114949859	130605627
114966404	44599191
115012421	312726069
115025810	197252103
115037938	31542512
115049627	321627361
115052664	47455480
115147405	37996311
115151495	288803587
115157119	298145395
115157119	128207908
115198575	32151884
115198575	114610294
115209361	7843779
115211391	399053124
115232781	350706639
115269896	260892451
115269896	228598922
115336091	399845482
115329261	322614196
115374534	99241669
115377956	140269020
115374534	191842234
115374534	343671910
115398701	165853701
115448679	136084698
115482192	384620951
115535206	91355309
115562285	270017040
115604613	301817162
115629303	389939167
115667660	243527341
115680191	105423868
115719956	309428083
115719956	9303632
115723478	370654706
115914240	331458401
115914138	362854250
115935457	379687238
115951365	74303036
115951365	91329949
115978576	252843878
115981262	305434770
116059167	137226034
116059167	15786484
116063702	21528393
116080410	161185687
116127375	269235387
116143399	393975673
116170247	47014468
116188161	111587539
116333388	282381679
116359644	396744719
116387358	354345246
116437142	339689949
116510055	65403939
116544788	353477521
116561104	291252982
116656118	59946435
116656118	302442893
116656118	305921169
116665484	116746021
116668817	154013573
116738291	308375590
116754496	142665010
116761837	345189582
116796562	144585061
116834542	281919539
116953972	11242546
117017489	240565377
117105262	40213415
117113195	304067912
117119612	119363971
117150603	180698939
117195059	115175570
117194900	146291080
117256131	3651505
117282152	142699367
117282152	337997701
117302138	135495171
117350749	218980382
117373540	187004793
117382226	223242637
117399768	60803979
117426394	199069547
117438133	227773024
117527314	198332997
117597983	40774244
117601826	156906562
117642698	402703348
117660426	188056203
117665305	145385865
117676070	220499257
117691363	191105321
117691363	127554463
117693165	282665058
117708703	33771477
117719185	297627401
117733023	1085514
117746727	224706219
117802968	224207880
117807560	192543951
117820739	189304419
117854998	182565240
117854998	126784557
117879747	40686235
117924989	399479787
117935596	89335427
117952912	5726725
118021877	384180920
118087637	11188516
118130349	280416581
118199814	368711122
118211132	246968723
118211132	332808887
118253091	118347405
118253091	81643881
118389902	404109843
118397713	393813808
118400525	141976931
118469253	115079399
118489153	236523151
118519080	116082950
118552806	24589541
118672163	245368175
118688868	319148677
118702095	2710408
118784663	25979922
118844258	112675176
118880064	31490106
118886092	386068515
118898754	390285958
118914369	213000283
118955910	38905693
118960537	112077339
118990162	355340993
118999625	314080562
119034428	247601823
119130393	265313805
119222299	365403214
119286459	117351195
119298010	46694283
119309947	233275005
119337338	366369982
119346950	111289255
119351790	358369657
119362829	189804279
119401357	359432313
119445612	45032240
119464723	366911878
119489334	162223055
119545540	259360886
119571272	271862392
119692037	24419338
119730942	222581849
119839066	326564714
119837279	334409892
119860353	126902916
119886137	291867088
119907987	311203606
119931653	71529732
120044190	246740331
120095615	291121168
120123899	276929582
120150340	118209428
120203201	285853132
120233490	180490056
120253472	371148553
120335926	86271540
120398360	46627459
120482789	373772650
120497505	239384341
120526120	395286168
120547178	341982062
120586625	233565405
120635005	259337705
120666493	209060566
120792205	225622606
120826284	46325419
120862768	276208307
120922907	142789338
120942219	392809102
121033504	64364270
121112676	16047799
121151164	225513692
121205128	235891765
121211787	76198427
121260044	209098599
121330907	303304420
121378597	28125619
121454403	115048234
121458744	266136776
121458744	98473622
121463365	115075040
121488229	110791535
121491194	83273272
121512794	128244199
121531298	238984172
121563571	54170486
121578449	376705681
121580032	265493150
121656142	27588903
121656142	282411691
121688444	232423511
121688444	376756079
121708402	329670500
121764511	15330721
121769453	359877317
121805404	210843283
121856644	10146567
121857658	212224242
121857658	183927459
121939330	43080451
121962654	57291663
121986435	355967271
121990621	125482388
122005514	183882891
122039217	90575354
122062391	320251075
122072294	361663641
122103931	326092762
122103931	223243567
122103931	15649866
122103931	130031434
122103931	363403549
122103931	160741747
122145149	72896479
122207706	111995337
122267767	213742557
122288178	45790677
122316705	195947225
122338015	89997714
122374679	53243418
122374679	117637501
122399812	224201852
122439215	224009913
122439215	295610708
122456392	310580990
122473109	377939142
122495409	150609217
122539332	30474176
122558554	255859335
122612455	88422819
122651622	77665899
122660472	397515411
122697377	158965081
122751854	170958084
122799478	274320430
122805758	20455445
122827548	182893307
122876694	182141676
122885569	194873522
122967732	164087155
122988461	34896600
122996580	276015822
123028067	155033790
123042938	95260318
123082975	387265863
123108287	30472260
123131197	177727729
123152674	232071263
123160607	40598409
123218474	12755433
123221650	300266265
123238508	229403573
123247220	55249817
123257870	280531411
123264072	41965238
123268080	333534090
123337194	251068747
123351085	307495501
123393969	46278879
123397758	108798821
123403827	276880743
123397758	394393489
123450276	120686283
123460257	196702437
123536199	402781179
123590170	300049442
123666434	354851881
123687322	118943996
123704092	72145150
123737008	314132202
123737008	343276384
123737008	151958033
123764237	131826056
123770464	117216515
123801983	371578503
123855322	138981967
123885749	22259406
123918734	356704791
123935534	320240400
123935534	333826375
123974544	235908875
123999387	212742682
123999387	317186410
123999387	335743633
123999387	296809733
124076719	310609436
124126715	78795811
124126715	92505397
124126715	225006307
124126715	229653332
124156106	306811733
124164164	398770235
124211125	162532839
124274753	19174739
124274753	100806095
124305418	29248704
124336982	207531560
124344372	105339339
124344372	370907242
124367027	374654599
124374906	195507302
124397187	372653321
124411787	220631062
124411787	258735477
124411787	373337298
124553054	23833280
124607864	64437771
124676056	392494429
124704896	155714585
124756451	279648546
124763308	344153393
124768358	357206928
124910631	275474112
124929905	376695495
124934086	254656814
124974258	231509616
124989983	131989309
125031959	216893404
125087241	252239934
125229429	134969413
125253964	264136869
125281247	218940100
125312668	185861758
125363185	83713609
125370041	331114594
125374053	142962987
125382037	14087919
125454366	24366902
125448114	303205878
125493204	199185245
125505850	106289769
125513574	7419315
125523406	318148322
125598710	283812978
125615751	191622473
125622910	25299928
125635584	114496928
125635584	133671003
125646371	22532946
125646371	312305389
125669995	116537322
125742759	280516940
125837889	33973476
125871017	288672087
125898417	74672283
125910140	62915206
125958163	296023939
125958163	378766490
125980710	320201588
125980710	164640980
125998180	392886995
126018989	261592328
126032644	118261183
126031227	369881412
126034120	39601402
126035760	31904334
126076226	82632046
126076226	175610213
126076226	360310011
126081105	221640682
126083047	377889158
126119489	177254722
126188885	220023899
126250225	186899413
126250225	49971691
126250225	165374864
126342800	103518953
126358193	74501519
126405750	18873690
126466117	244167063
126512445	32528937
126671638	314670319
126737410	347843227
126742433	356150044
126735513	226037283
126895021	218281943
126925552	68363873
127016312	84178500
127091362	218746319
127091362	300270528
127091362	21445457
127145134	187262370
127167104	320651044
127168602	221112295
127168602	214163318
127247713	207192456
127247195	176677857
127278499	73437973
127278499	19211183
127316772	48835949
127316772	78466862
127316772	166702208
127316772	2698021
127316772	307630495
127316772	300269400
127316772	213291925
127316772	218236977
127316772	1232262
127316772	325635377
127316772	340352315
127316772	365176146
127316772	231671205
127363080	53084599
127374538	65977030
127378018	239469066
127442808	257761045
127483376	14061018
127509271	157456420
127509271	363152204
127544568	277423728
127580211	371426884
127633885	35830831
127657806	230130885
127655958	184876013
127670220	331684471
127676883	133867000
127726089	297051057
127764916	141379351
127778755	399993687
127808751	334895062
127817893	94097951
127878927	360969294
127902095	253836692
127937683	245948845
127964002	146403689
127974655	193911667
128041795	274571742
128058821	347307426
128076989	309970940
128104917	82379000
128112244	259216925
128149188	236283046
128161842	154207645
128176706	331710542
128208481	201023907
128225933	394299135
128246716	87492951
128265163	65888369
128353210	311143672
128353210	256811510
128378314	259453410
128378314	307847570
128404541	280558760
128426154	43248062
128426154	354692071
128431553	349961660
128442231	313335098
128458518	57512783
128490463	388582913
128526671	396682825
128539257	398581282
128543308	120372042
128547354	304465164
128576121	155452882
128623126	23163231
128660762	8944645
128660762	108580576
128660762	268247351
128685157	213116777
128825538	157685224
128867738	200885338
128935278	388562096
128943216	220631062
128960319	120590937
128960319	347449816
128961846	132821604
129027949	107385150
129074757	252382646
129110176	135914179
129126584	81595157
129161513	151219370
129228895	70644224
129266404	197090437
129377635	159644446
129402047	184424807
129468087	51754307
129609801	260404240
129619420	139425851
129671851	223591582
129682512	350104042
129691250	194086646
129755810	212567172
129767314	20428664
129870730	54536851
129892210	71498361
129968115	178606583
129969312	225865297
129969312	208140596
129998164	163179443
130019370	2095382
130040241	15839341
130147712	154284797
130147712	173320474
130147712	379742242
130170056	359127891
130234767	131131181
130254539	382765080
130288272	228421765
130299920	205542955
130304360	270846539
130347917	304548923
130347917	152712548
130347917	77855564
130447857	376845356
130484983	170498618
130582552	226403789
130630027	147195844
130700399	319497511
130714551	48307137
130735899	30257554
130735899	403977090
130740475	312820457
130751892	402732677
130786905	58913619
130810321	387810320
130870495	365287558
130906749	140559837
130969374	149031025
130989769	101838635
130997030	238548526
130997589	66253789
131047130	99254077
131064891	128405481
131064891	186809442
131084434	335453372
131084434	6657840
131093622	137255893
131093622	93711281
131187707	204842663
131207995	337236448
131325504	16441660
131332311	69224339
131336451	212048083
131344485	182934360
131375657	306535050
131373717	271947042
131373717	266291182
131404110	376785970
131422072	226096561
131435192	272274404
131486001	199332011
131486637	306927339
131516935	266707728
131565722	55149770
131580959	46472828
131580959	288258939
131611040	129040572
131619303	6334027
131669212	356119760
131674621	149391613
131675355	59116396
131684804	303783732
131697317	77617664
131715429	93328962
131732871	49617180
131743596	83003225
131797295	40740454
131855284	105120273
131890154	240211610
131905578	34805642
131932446	18316131
131946924	142059661
131955438	249901204
131960407	78261318
131963454	399467072
132005166	102550616
132023539	233692669
132095109	26045947
132100225	86146553
132105316	344507026
132132385	287674181
132142505	158665854
132169514	68028061
132191550	282002209
132220994	86259679
132376973	281639967
132404471	118684102
132417595	231716202
132498424	190452176
132498424	45194417
132532358	14879361
132535899	402222504
132535899	71211759
132535899	14972021
132535899	380130376
132535899	342136333
132535899	178583903
132535899	28128241
132541737	296919066
132535899	384842131
132535899	180360723
132545422	201733064
132576059	23843560
132573968	373487805
132602177	130618295
132733908	8867253
132747969	348654079
132773811	22199836
132821566	142194289
132827647	153477490
132858949	396051612
132870862	245368175
132898427	131055224
132991278	168882824
132991278	143518061
132991278	331915543
133010605	120949334
133010605	380459691
133028231	210057160
133041597	91411998
133105168	305420628
133277192	276316706
133276901	268208676
133336963	268332940
133336963	63623644
133336963	122430077
133336963	158542121
133336963	110774368
133336963	239279490
133336963	297979307
133336963	309231596
133336963	360539189
133354384	302039295
133354384	14041166
133354384	88788903
133411106	204424129
133468117	64634782
133468117	170158579
133468117	184118220
133468120	208183576
133468117	399314651
133507358	265124112
133513728	254909454
133513728	11600366
133540167	5467348
133540167	104099432
133648205	106185143
133648205	101161305
133731957	174112876
133749986	341640529
133803465	74010935
133868186	2759085
133870425	299591172
133904020	124275413
133906434	125082301
133915546	34580328
133970548	385764789
133962809	114000911
133974741	202332240
134070272	212288619
134112427	300308446
134129985	21521287
134144497	92034857
134177894	370252913
134212671	86424569
134284322	195065436
134333325	67634221
134413998	402664193
134423020	357900227
134431490	267204880
134436680	392520036
134447334	156897605
134477331	299029546
134503191	246667133
134536614	330650192
134563531	356577155
134567089	241032263
134590646	177232794
134594563	157287428
134639079	169445054
134652976	9871544
134662578	137126775
134673652	237546886
134686848	319995928
134700778	28213409
134700778	360967776
134707845	273769618
134780444	115009059
134808025	173525858
134814821	164235446
134834976	198673468
134834976	113836963
134834976	356547473
134882610	277094637
134887675	93379788
134889657	244795286
134902664	163765317
134935622	396051732
135004958	9855240
135086574	139535115
135104836	94563609
135180435	90616477
135191858	235284364
135180435	360478383
135217532	73921664
135245411	382040900
135262340	184037834
135308634	178446175
135318833	163271318
135401386	15839341
135403046	400389686
135421669	196649913
135451975	165605110
135468021	281742460
135475542	348079795
135477072	249636673
135506524	235259470
135536293	302173904
135580817	224896156
135612691	391774515
135629161	247655617
135680009	74619986
135690722	370000119
135758019	82812620
135769140	259970452
135850745	261373410
135858139	229787140
135869646	379526224
135954025	306763134
136010775	245937569
136016019	349585711
136062998	181357158
136158013	384955187
136305158	228536461
136379790	232412121
136437706	231138013
136451207	51955967
136490086	348458098
136500915	306175190
136587315	263203155
136602318	95296485
136597657	25289229
136595506	382372363
136611079	7236901
136638077	114997112
136655646	363723359
136655646	119638548
136655646	285517156
136674411	167698619
136692879	15912225
136723407	184435094
136743343	27776168
136745820	91904307
136767559	191356657
136849703	229564324
136869237	7517733
136889411	86924696
136927862	97288038
136927862	370134095
136963862	299355430
136968303	222659148
136968303	358466773
136971847	276636269
137075184	132141875
137082661	149775028
137123487	61450243
137153463	175275592
137153463	221032244
137169358	377914508
137167845	15487653
137176261	264902908
137199406	32929308
137201537	372813234
137199046	357950442
137201537	147101235
137201537	384768143
137226541	255950764
137280134	162762096
137308946	182934360
137310405	162687758
137318795	362282553
137332474	37201331
137341011	396322743
137364001	290843300
137404313	236647249
137412286	400840955
137487574	337331965
137565924	311765147
137651532	361402118
137662250	83815274
137676881	302928985
137692324	334098836
137760794	191379642
137786178	314099383
137907506	58660375
137907506	59901920
137953116	251484528
137991243	123858381
137997632	33786153
138112118	289394802
138258118	329447025
138258118	258283974
138258118	205469946
138282238	371160738
138293038	12845037
138340350	386336362
138457163	400842167
138563270	196139246
138577464	326424253
138593406	169732840
138636448	8390431
138642876	129084149
138642876	149004498
138642876	306539786
138694934	326765207
138837619	234577176
138903918	88207445
138903918	35153999
138911292	95867020
138949878	331339284
139003542	163684951
139006958	180622327
139006958	93048855
139006958	382630744
139006958	366465639
139006958	169972957
139043803	321439400
139054187	28881883
139054766	9897654
139098250	317507940
139121979	21193326
139118780	386604861
139126515	218973409
139304905	352627398
139340375	57236898
139379885	332736629
139454932	218114920
139476333	239559139
139512657	311563580
139540955	150238940
139590664	119321063
139584503	58255409
139672600	189348197
139772989	86502990
139772989	13646729
139772989	298213574
139772989	309606782
139826145	211071918
139830553	248606318
139906599	371669693
139911566	278810544
139919901	212296179
139919901	62285643
139938289	341426681
139966479	309234864
139968062	139587385
139999326	178433150
140031334	207221930
140078272	300511744
140078272	284987135
140090740	76397472
140098323	37160691
140121735	220452764
140182568	55567344
140200061	176538548
140208995	66399540
140213448	334108200
140247466	396385957
140300251	67107581
140296841	347087913
140300349	152978562
140330207	24554
140335567	160387836
140351669	42079747
140396244	281830780
140409224	86023718
140423268	222031803
140420225	187267527
140481708	295534240
140491209	92099389
140512653	88484759
140706189	338450024
140818227	401173309
140865976	268515153
140895683	403865213
140916203	146265368
141033122	273643483
141053014	146301070
141053014	199092695
141072932	124163511
141072932	133848421
141080265	399166873
141129063	378282502
141160689	153277662
141172777	105658952
141193696	13299004
141206250	50251502
141226770	27523157
141238911	65817327
141278716	201469706
141299182	350737066
141466185	77057871
141476789	350534908
141489518	67434617
141489949	251376327
141618467	93951841
141698217	104606083
141756332	204296456
141773973	295387239
141800263	248926578
141881271	298117643
141929249	348656969
141954259	44924975
142008241	13493818
142305861	294392449
142382419	127965022
142395063	345302875
142395063	93656452
142395063	314045890
142444144	383721042
142446618	308697829
